1
3
7
15
29
39
53
57
119
124
127
135
170
171
175
200
222
231
247
302
333
344
372
402
418
430
438
453
471
480
481
490
493
540
547
596
645
648
786
802
825
858
881
891
894
898
941
944
945
947
965
976
1048
1097
1102
1110
1144
1146
1157
1188
1189
1221
1225
1272
1318
1332
1384
1445
1475
1476
1501
1503
1547
1575
1593
1615
1618
1620
1648
1684
1716
1728
1782
1815
1839
1878
1897
1959
2021
2023
2035
2055
2063
2083
2099
2120
2183
2210
2218
2258
2273
2285
2289
2327
2337
2355
2361
2378
2388
2398
2422
2441
2442
2452
2513
2561
2574
2596
2598
2615
2616
2633
2688
2690
2726
2732
2812
2825
2847
2893
2910
2925
2948
2977
2992
3029
3056
3133
3145
3197
3209
3251
3262
3313
3323
3338
3340
3413
3416
3417
3420
3436
3439
3442
3449
3453
3486
3501
3509
3537
3544
3571
3573
3595
3619
3655
3684
3685
3699
3712
3782
3839
3840
3942
3948
4012
4117
4118
4121
4154
4160
4166
4178
4209
4213
4234
4265
4267
4294
4317
4333
4346
4352
4357
4358
4384
4400
4420
4445
4528
4542
4551
4589
4593
4637
4690
4698
4706
4711
4720
4754
4759
4769
4777
4820
4852
4865
4905
4933
4943
4975
4984
4998
5032
5049
5093
5141
5188
5191
5225
5254
5268
5317
5327
5382
5407
5409
5415
5440
5469
5476
5481
5484
5580
5581
5583
5585
5606
5671
5728
5749
5752
5756
5775
5788
5794
5815
5835
5842
5921
5936
5938
6045
6102
6120
6124
6162
6169
6182
6189
6190
6215
6243
6255
6300
6302
6306
6354
6364
6401
6489
6522
6563
6580
6589
6604
6612
6632
6635
6643
6644
6657
6684
6727
6775
6790
6844
6848
6886
6904
6938
6942
6944
6993
7005
7007
7040
7054
7064
7068
7102
7109
7136
7156
7174
7175
7188
7191
7218
7239
7251
7271
7282
7316
7349
7364
7373
7392
7423
7440
7443
7503
7505
7511
7527
7548
7554
7562
7574
7575
7610
7629
7640
7657
7677
7679
7705
7722
7739
7795
7810
7826
7890
8038
8046
8131
8159
8176
8184
8203
8251
8322
8332
8386
8442
8452
8560
8582
8605
8688
8693
8712
8746
8772
8800
8817
8870
8953
8979
9018
9047
9049
9055
9056
9083
9092
9109
9140
9178
9229
9255
9281
9290
9293
9299
9307
9312
9401
9412
9418
9422
9449
9455
9483
9485
9498
9517
9523
9537
9543
9630
9655
9672
9684
9706
9713
9760
9785
9803
9807
9851
9859
9870
9913
9942
9945
9993
10017
10021
10022
10040
10053
10054
10058
10088
10125
10174
10179
10192
10218
10238
10246
10273
10286
10290
10301
10305
10341
10353
10354
10361
10368
10379
10397
10416
10425
10455
10471
10545
10566
10573
10579
10598
10633
10644
10654
10670
10717
10722
10731
10743
10745
10756
10814
10828
10835
10870
10963
11032
11116
11120
11122
11126
11127
11130
11135
11136
11137
11143
11257
11262
11318
11320
11380
11407
11417
11433
11460
11474
11488
